  87, 156, 187,
  87, 156, 187,
  87, 156, 188,
  87, 157, 189,
  87, 157, 189,
  87, 156, 187,
  87, 156, 189,
  87, 156, 189,
  87, 156, 189,
  87, 156, 191,
  88, 157, 191,
  88, 157, 190,
  87, 157, 191,
  87, 156, 191,
  87, 156, 191,
  88, 156, 192,
  88, 156, 192,
  88, 156, 191,
  88, 156, 191,
  88, 156, 190,
  88, 155, 189,
  88, 155, 187,
  87, 155, 189,
  87, 154, 189,
  86, 154, 188,
  87, 154, 188,
  86, 154, 188,
  87, 154, 188,
  87, 154, 188,
  87, 155, 187,
  87, 154, 187,
  87, 154, 187,
  86, 154, 187,
  86, 153, 187,
  87, 153, 188,
  86, 154, 187,
  86, 154, 187,
  87, 154, 185,
  86, 154, 187,
  86, 154, 187,
  86, 154, 188,
  86, 153, 188,
  86, 154, 188,
  86, 154, 187,
  86, 153, 187,
  86, 154, 188,
  86, 154, 189,
  86, 153, 188,
  87, 153, 186,
  87, 153, 188,
  86, 153, 187,
  86, 154, 188,
  86, 153, 188,
  86, 153, 187,
  86, 153, 187,
  87, 153, 186,
  87, 153, 187,
  86, 153, 187,
  87, 154, 188,
  86, 153, 188,
  87, 153, 187,
  86, 153, 187,
  86, 153, 187,
  87, 152, 190,
  87, 153, 188,
  86, 153, 188,
  87, 153, 188,
  86, 153, 188,
  87, 153, 188,
  87, 153, 188,
  87, 153, 189,
  87, 153, 189,
  87, 153, 188,
  87, 153, 187,
  87, 154, 189,
  87, 153, 187,
  88, 153, 188,
  86, 153, 188,
  86, 153, 188,
  87, 154, 189,
  87, 154, 188,
  87, 154, 188,
  87, 154, 189,
  87, 153, 188,
  87, 153, 188,
  86, 154, 188,
  87, 153, 187,
  87, 153, 189,
  87, 154, 188,
  87, 153, 188,
  87, 153, 188,
  87, 154, 188,
  87, 153, 188,
  87, 153, 189,
  87, 154, 189,
  86, 153, 189,
  87, 153, 189,
  87, 155, 189,
  87, 154, 188,
  87, 153, 188,
  86, 153, 185,
  87, 154, 189,
  87, 153, 188,
  87, 153, 188,
  87, 154, 188,
  86, 153, 188,
  86, 153, 189,
  86, 153, 188,
  87, 153, 187,
  87, 153, 186,
  87, 153, 187,
  87, 154, 183,
  87, 153, 185,
  87, 153, 186,
  87, 154, 185,
  88, 153, 185,
  88, 153, 185,
  89, 154, 184,
  89, 153, 184,
  89, 153, 183,
  89, 154, 181,
  89, 154, 181,
  90, 153, 180,
  90, 153, 182,
  90, 153, 181,
  90, 153, 181,
  90, 153, 181,
  90, 154, 181,
  90, 153, 181,
  90, 155, 180,
  90, 155, 180,
  90, 154, 180,
  90, 153, 182,
  91, 154, 181,
  91, 154, 181,
  91, 154, 180,
-1000,-1000,-1000,
  91, 153, 180,
  90, 153, 181,
  91, 154, 181,
  90, 154, 181,
  91, 154, 182,
  91, 154, 181,
  90, 154, 179,
  90, 154, 181,
  91, 153, 182,
  91, 155, 182,
  90, 154, 182,
  90, 154, 182,
  90, 154, 183,
  90, 153, 182,
  89, 153, 184,
  88, 153, 186,
  86, 153, 189,
  84, 153, 189,
  78, 152, 188,
  70, 150, 182,
  59, 142, 171,
  42, 129, 151,
  31, 113, 125,
  22,  88,  93,
  18,  62,  59,
  17,  37,  26,
  16,  17,   1,
  14,   7, -18,
  13,   0, -32,
  13,  -6, -46,
  11, -11, -57,
  11, -15, -62,
  12, -17, -65,
  11, -23, -65,
  12, -18, -67,
  11, -19, -67,
  11, -20, -68,
  11, -19, -67,
  11, -18, -67,
  11, -18, -67,
  11, -19, -65,
  11, -20, -66,
  10, -17, -66,
  11, -15, -65,
  11, -21, -62,
  11, -14, -64,
  10, -13, -63,
  12, -12, -64,
  12, -12, -64,
  12, -11, -63,
  12, -10, -63,
  11, -10, -64,
  12, -10, -63,
  12, -10, -63,
  12, -10, -60,
  12, -10, -61,
  12,  -9, -59,
  10,  -7, -61,
  13, -13, -58,
  14,  -4, -57,
  17,  -2, -56,
  15,   1, -50,
  16,   7, -46,
  22,  17, -36,
  23,  29, -24,
  25,  39,  -2,
  29,  49,  14,
  32,  58,  36,
  33,  69,  56,
  35,  80,  75,
  38,  92,  94,
  42, 104, 116,
  45, 115, 132,
  48, 123, 143,
  52, 129, 155,
  58, 137, 167,
  69, 143, 176,
  75, 148, 177,
  81, 150, 180,
  86, 152, 182,
  89, 152, 183,
  91, 154, 184,
  93, 154, 186,
  95, 155, 182,
  96, 154, 182,
  96, 155, 181,
  97, 155, 180,
-1000,-1000,-1000,
  98, 155, 180,
  98, 155, 180,
  98, 155, 180,
  98, 155, 180,
  99, 155, 180,
  98, 155, 179,
  99, 155, 181,
  99, 155, 180,
  99, 155, 180,
  98, 156, 181,
  99, 155, 179,
  99, 156, 181,
  98, 156, 181,
  98, 156, 180,
  99, 155, 181,
  98, 155, 180,
  98, 155, 182,
  98, 155, 180,
  98, 155, 181,
  99, 156, 181,
  98, 155, 183,
  97, 154, 183,
  98, 154, 183,
  98, 154, 184,
  98, 155, 185,
  97, 155, 185,
  97, 155, 185,
  97, 155, 185,
  98, 155, 183,
  98, 155, 185,
  97, 154, 184,
  98, 154, 185,
  97, 154, 184,
  98, 154, 185,
  97, 154, 185,
  98, 155, 185,
  98, 155, 185,
  97, 155, 184,
  97, 154, 184,
  97, 155, 184,
  97, 154, 185,
  97, 154, 184,
  97, 155, 184,
  97, 154, 185,
  97, 154, 183,
  97, 156, 184,
  97, 155, 184,
  97, 154, 183,
  97, 155, 184,
  97, 154, 184,
  97, 154, 183,
  97, 154, 184,
  97, 155, 183,
  97, 155, 183,
  97, 155, 185,
  97, 154, 184,
  97, 154, 183,
  97, 154, 183,
  96, 155, 183,
  97, 155, 184,
  97, 155, 183,
  97, 154, 185,
  96, 154, 183,
  96, 154, 184,
  97, 154, 184,
  96, 154, 184,
  96, 155, 184,
  96, 156, 183,
  97, 154, 183,
  96, 155, 183,
  96, 155, 183,
  96, 155, 183,
  96, 154, 184,
  96, 155, 184,
  96, 154, 183,
  96, 154, 183,
  96, 155, 182,
  97, 155, 184,
  97, 155, 183,
  96, 155, 183,
  96, 155, 183,
  97, 154, 184,
  96, 154, 183,
  97, 155, 184,
  97, 154, 184,
  96, 154, 183,
  97, 154, 183,
  96, 155, 183,
  96, 154, 183,
  96, 154, 184,
  97, 155, 184,
  96, 155, 184,
  97, 155, 183,
  97, 155, 183,
  97, 155, 183,
