  83, 128, 155,
  83, 128, 156,
  83, 128, 154,
  83, 129, 155,
  83, 130, 157,
  83, 128, 155,
  83, 128, 156,
  83, 129, 155,
  83, 129, 154,
  83, 129, 155,
  83, 129, 154,
  83, 129, 155,
  82, 128, 155,
  83, 127, 155,
  83, 128, 154,
  83, 128, 154,
  84, 128, 156,
  84, 128, 154,
  83, 129, 155,
  83, 129, 154,
  83, 128, 156,
  83, 128, 154,
  83, 129, 152,
  83, 128, 155,
  83, 128, 156,
  83, 128, 155,
  83, 129, 154,
  83, 128, 155,
  83, 128, 155,
  83, 129, 154,
  82, 129, 154,
  83, 129, 156,
  83, 128, 155,
  84, 129, 154,
  83, 128, 156,
  83, 128, 155,
  83, 128, 154,
  83, 129, 155,
  84, 128, 155,
  83, 128, 155,
  83, 128, 155,
  83, 128, 155,
  84, 128, 153,
  83, 128, 155,
  82, 129, 153,
  83, 128, 153,
  83, 128, 155,
  83, 128, 154,
  83, 129, 155,
  83, 128, 155,
  83, 128, 155,
  83, 129, 156,
  83, 128, 155,
  83, 128, 155,
  84, 128, 155,
  83, 128, 155,
  83, 129, 155,
  84, 128, 154,
  83, 128, 154,
  83, 129, 155,
  83, 129, 155,
  83, 127, 154,
  83, 128, 154,
  83, 129, 155,
  83, 128, 154,
  84, 128, 153,
  83, 129, 154,
  83, 128, 154,
  83, 128, 156,
  83, 129, 155,
  83, 128, 156,
  84, 128, 155,
  84, 128, 155,
  84, 128, 153,
  84, 128, 155,
  84, 128, 155,
  83, 129, 155,
  83, 129, 154,
  83, 128, 155,
  83, 127, 156,
  84, 129, 156,
  83, 129, 156,
  83, 129, 155,
  83, 128, 153,
  83, 129, 155,
  84, 129, 155,
  83, 128, 154,
  84, 128, 155,
  84, 130, 155,
  84, 129, 154,
  84, 127, 154,
  84, 128, 156,
  85, 128, 156,
  85, 128, 155,
  85, 128, 155,
  85, 129, 155,
  85, 130, 155,
  85, 128, 157,
  85, 128, 156,
  85, 129, 155,
  85, 129, 157,
  84, 129, 154,
  83, 129, 156,
  83, 129, 155,
  83, 129, 156,
  82, 129, 155,
-1000,-1000,-1000,
  82, 129, 155,
  82, 129, 156,
  83, 129, 155,
  83, 129, 154,
  83, 129, 154,
  83, 128, 155,
  82, 128, 154,
  81, 129, 155,
  79, 129, 154,
  76, 128, 150,
  72, 126, 151,
  67, 125, 145,
  62, 121, 139,
  57, 118, 132,
  54, 114, 127,
  50, 106, 117,
  46,  96, 105,
  43,  84,  89,
  41,  71,  77,
  38,  60,  59,
  36,  51,  44,
  34,  42,  29,
  33,  34,  16,
  31,  28,   2,
  29,  21,  -6,
  28,  13, -15,
  26,  11, -24,
  25,   8, -34,
  24,   4, -44,
  23,   3, -53,
  23,   1, -59,
  21,  -1, -66,
  20,  -2, -72,
  19,  -4, -77,
  19,  -5, -81,
  16,  -7, -88,
  17, -10, -88,
  16, -12, -91,
  16, -12, -91,
  14, -14, -91,
  14, -15, -90,
  14, -15, -94,
  14, -16, -94,
  13, -17, -94,
  13, -16, -94,
  13, -20, -92,
  13, -18, -93,
  12, -18, -93,
  12, -18, -93,
  11, -18, -95,
  11, -18, -94,
  10, -18, -94,
  10, -18, -94,
  10, -19, -93,
  11, -19, -93,
  11, -18, -94,
  11, -21, -94,
  11, -17, -93,
  11, -18, -90,
  10, -17, -91,
  10, -17, -91,
  11, -17, -91,
  11, -17, -91,
  11, -17, -88,
  11, -15, -87,
  11, -23, -89,
  11, -16, -87,
  11, -15, -90,
  11, -15, -88,
   9, -16, -89,
  12, -16, -90,
   7, -16, -84,
   7, -16, -87,
   8, -16, -89,
  10, -16, -89,
  11, -15, -88,
  12, -15, -88,
  12, -16, -88,
  11, -16, -87,
  11, -16, -88,
  11, -16, -88,
  11, -16, -88,
  11, -16, -88,
  12, -20, -88,
  13, -17, -88,
  12, -16, -88,
  12, -16, -86,
  13, -20, -87,
  13, -16, -88,
  12, -16, -86,
  13, -16, -87,
  13, -15, -85,
  13, -14, -84,
  13, -13, -81,
  14, -12, -75,
  14,  -9, -72,
  14,  -6, -68,
  14, -14, -63,
  14,  -3, -60,
  15,  -3, -57,
  15,  -1, -52,
  16,   0, -49,
  17,   4, -44,
  18,   9, -35,
  20,  15, -26,
  22,  23, -12,
  23,  29,  -5,
  24,  34,   1,
  27,  35,   4,
  29,  35,   6,
  29,  35,  11,
  30,  36,  14,
  32,  38,  19,
  34,  40,  25,
  35,  42,  28,
  34,  44,  33,
  35,  48,  39,
  36,  54,  45,
  36,  56,  47,
  37,  58,  49,
  37,  61,  51,
  37,  65,  59,
  38,  72,  65,
  38,  77,  71,
  38,  82,  76,
  39,  85,  80,
  39,  90,  88,
  38,  94,  94,
  41,  98,  99,
  41,  99, 102,
  42, 101, 109,
  43, 106, 116,
  45, 108, 123,
  47, 111, 129,
  49, 112, 136,
  52, 115, 142,
-1000,-1000,-1000,
  55, 117, 147,
  60, 119, 152,
  62, 120, 156,
  65, 122, 159,
  68, 124, 162,
  72, 125, 164,
  73, 126, 166,
  76, 128, 167,
  76, 128, 169,
  78, 128, 169,
  79, 129, 171,
  80, 130, 170,
  81, 131, 170,
  82, 130, 171,
  82, 130, 171,
  84, 130, 170,
  84, 131, 171,
  84, 130, 171,
  84, 130, 172,
  84, 131, 172,
  85, 132, 172,
  84, 131, 171,
  84, 130, 172,
  83, 131, 171,
  84, 132, 172,
  83, 132, 171,
  83, 132, 171,
  83, 131, 173,
  83, 131, 171,
  83, 131, 172,
  84, 132, 173,
  84, 132, 171,
  83, 131, 171,
  84, 131, 172,
  83, 132, 171,
  83, 131, 171,
  83, 131, 171,
  82, 132, 170,
  82, 132, 171,
  82, 132, 170,
  82, 131, 170,
  82, 131, 170,
  82, 131, 170,
  82, 131, 170,
  82, 131, 170,
  82, 132, 171,
  82, 131, 170,
  82, 131, 169,
  82, 131, 169,
  82, 132, 170,
  82, 131, 171,
  82, 131, 169,
  82, 131, 169,
  81, 131, 169,
  82, 130, 168,
  82, 131, 169,
  81, 132, 170,
  81, 131, 169,
  81, 130, 169,
  81, 131, 168,
