 122, 125, 145,
 122, 125, 145,
 122, 124, 145,
 122, 124, 143,
 122, 124, 143,
 121, 124, 143,
 121, 124, 144,
 123, 125, 143,
 122, 124, 142,
 121, 124, 143,
 122, 124, 143,
 122, 124, 144,
 122, 124, 144,
 123, 124, 143,
 122, 125, 141,
 123, 124, 145,
 123, 124, 144,
 123, 124, 145,
 122, 124, 145,
 123, 126, 144,
 123, 125, 145,
 123, 124, 146,
 123, 125, 146,
 123, 125, 146,
 123, 125, 147,
 123, 125, 147,
 123, 125, 148,
 124, 125, 149,
 125, 126, 149,
 124, 125, 149,
 123, 126, 150,
 124, 126, 149,
 124, 126, 149,
 123, 126, 149,
 125, 126, 150,
 124, 126, 151,
 124, 126, 150,
 123, 126, 153,
 124, 126, 149,
 123, 126, 150,
 123, 126, 150,
 123, 126, 150,
 123, 126, 150,
 123, 125, 150,
 123, 126, 149,
 123, 125, 150,
 123, 125, 148,
 123, 125, 148,
 122, 125, 149,
 123, 126, 148,
 124, 125, 148,
 124, 125, 148,
 122, 125, 148,
 123, 126, 148,
 123, 126, 149,
 123, 125, 149,
 123, 125, 149,
 123, 126, 150,
 123, 125, 149,
 123, 125, 149,
 123, 125, 150,
 123, 126, 150,
 125, 126, 152,
 125, 126, 149,
 124, 126, 151,
 125, 126, 150,
 125, 126, 151,
 125, 126, 151,
 123, 126, 150,
 123, 126, 151,
 123, 125, 150,
 123, 125, 150,
 123, 125, 150,
 123, 125, 150,
 123, 125, 150,
 123, 125, 150,
 123, 126, 149,
 123, 126, 150,
 123, 125, 151,
 123, 125, 150,
 123, 125, 150,
 122, 126, 151,
 122, 125, 150,
 122, 126, 150,
 123, 126, 149,
 123, 126, 150,
 122, 126, 152,
 122, 125, 150,
 123, 125, 148,
 122, 125, 150,
 123, 125, 150,
 122, 125, 149,
 122, 125, 149,
 122, 126, 149,
 122, 126, 149,
 121, 125, 150,
 121, 125, 149,
 122, 125, 149,
 122, 125, 150,
 122, 125, 151,
 123, 125, 149,
 121, 125, 149,
 121, 124, 149,
 121, 125, 149,
 121, 125, 150,
 122, 125, 149,
 124, 125, 149,
 122, 125, 148,
-1000,-1000,-1000,
 122, 125, 149,
 122, 125, 149,
 122, 125, 148,
 121, 125, 150,
 121, 125, 149,
 123, 125, 150,
 122, 125, 149,
 122, 125, 150,
 121, 125, 149,
 121, 125, 148,
 119, 124, 147,
 115, 122, 141,
 111, 120, 139,
 109, 119, 136,
 106, 117, 133,
 103, 116, 130,
  99, 113, 124,
  94, 111, 117,
  89, 108, 111,
  83, 102, 106,
  76,  97,  99,
  69,  90,  91,
  63,  85,  81,
  58,  79,  72,
  54,  73,  62,
  50,  66,  51,
  47,  60,  35,
  42,  54,  27,
  39,  46,  16,
  35,  38,   4,
  32,  31,  -7,
  29,  24, -17,
  27,  17, -26,
  24,  11, -35,
  23,   3, -43,
  21,   2, -49,
  20,  -8, -55,
  19,  -3, -62,
  18,  -5, -68,
  17,  -7, -69,
  17,  -9, -74,
  17, -10, -76,
  14, -10, -76,
  16, -11, -77,
  16, -12, -75,
  13, -11, -75,
  16, -11, -75,
  16, -11, -74,
  10, -11, -74,
  15, -11, -72,
  15, -11, -73,
  15, -11, -71,
  15, -12, -68,
  15, -11, -72,
  15, -11, -71,
  15, -11, -71,
  14, -11, -70,
  14, -11, -70,
  15, -17, -69,
  14, -11, -69,
  14, -11, -68,
  14, -10, -69,
  15, -10, -67,
  15, -10, -67,
  14, -10, -67,
  13, -13, -67,
  15, -10, -65,
  15, -10, -65,
  15,  -9, -65,
  15,  -9, -64,
  15,  -9, -63,
  15,  -8, -61,
  15,  -9, -61,
  15,  -8, -62,
  15,  -8, -60,
  15,  -8, -60,
  15,  -7, -61,
  15, -14, -56,
  15,  -7, -61,
  15,  -7, -61,
  15,  -8, -63,
  15,  -8, -63,
  15,  -8, -62,
  16,  -9, -64,
  16, -12, -67,
  17, -10, -69,
  17, -10, -67,
  18,  -6, -57,
  20,   0, -46,
  26,   7, -34,
  27,  14, -20,
  31,  29,  -3,
  35,  55,  24,
  38,  70,  47,
  42,  85,  68,
  49, 102,  92,
  57, 113, 113,
  63, 116, 125,
  72, 122, 139,
  80, 125, 151,
  85, 128, 160,
  89, 131, 168,
  92, 131, 172,
  95, 131, 173,
  95, 132, 177,
  96, 132, 177,
  97, 132, 180,
  96, 132, 181,
  96, 133, 182,
-1000,-1000,-1000,
  96, 133, 182,
  96, 133, 182,
  96, 133, 182,
  96, 133, 182,
  97, 133, 180,
  98, 132, 183,
  98, 133, 184,
  98, 133, 183,
  98, 132, 183,
  97, 133, 182,
  98, 133, 183,
  98, 134, 184,
  98, 132, 184,
  98, 133, 183,
  98, 134, 184,
  99, 134, 184,
  99, 133, 183,
  99, 133, 183,
  98, 133, 183,
  98, 133, 183,
  98, 134, 182,
  98, 134, 182,
  97, 134, 182,
  98, 134, 181,
  98, 134, 181,
  97, 134, 181,
  97, 134, 181,
  98, 134, 180,
  98, 134, 181,
  98, 134, 181,
  98, 134, 181,
  98, 133, 182,
  98, 133, 180,
  98, 133, 181,
  98, 133, 181,
  98, 133, 181,
  98, 133, 180,
  97, 134, 181,
  97, 133, 181,
  96, 133, 180,
  96, 133, 180,
  97, 135, 178,
  96, 134, 180,
  96, 134, 180,
  96, 134, 180,
  96, 134, 180,
  96, 134, 179,
  96, 134, 179,
  96, 135, 180,
  96, 134, 179,
  96, 134, 179,
  96, 134, 181,
  96, 134, 180,
  97, 134, 178,
  98, 134, 178,
  98, 134, 179,
  98, 135, 180,
  97, 134, 177,
  96, 135, 179,
  94, 135, 178,
  94, 134, 178,
  95, 134, 179,
  95, 135, 178,
  95, 135, 177,
  96, 135, 177,
  95, 134, 176,
  95, 134, 177,
  93, 136, 176,
  93, 134, 176,
  93, 135, 176,
  93, 135, 176,
  93, 134, 176,
  93, 134, 176,
  93, 134, 174,
  92, 135, 174,
  92, 134, 174,
  92, 134, 174,
  92, 135, 174,
  92, 134, 172,
  92, 134, 173,
  92, 134, 173,
  92, 134, 174,
  92, 134, 173,
  92, 134, 173,
